%YAML:1.0
---
R: !!opencv-matrix
   rows: 3
   cols: 3
   dt: d
   data: [ 8.6374175696212940e-01, -3.6643771028961540e-02,
       5.0260064795496506e-01, 5.2688267797116085e-02,
       9.9845321728947756e-01, -1.7751600514621841e-02,
       -5.0117274837775561e-01, 4.1813956151844578e-02,
       8.6433643296717422e-01 ]
T: !!opencv-matrix
   rows: 3
   cols: 1
   dt: d
   data: [ -1.1240039749835393e+01, -2.8490059028579245e-01,
       2.2890693558479285e+00 ]
R1: !!opencv-matrix
   rows: 3
   cols: 3
   dt: d
   data: [ 9.4739759809389179e-01, -1.9446295506497454e-02,
       3.1946773345206375e-01, 2.4733863737362551e-02,
       9.9961589455781141e-01, -1.2501973124604123e-02,
       -3.1910190709324582e-01, 1.9746010697371728e-02,
       9.4751467954380153e-01 ]
R2: !!opencv-matrix
   rows: 3
   cols: 3
   dt: d
   data: [ 9.7958414135293248e-01, 2.4829458464338480e-02,
       -1.9949538341075962e-01, -2.1549524829257150e-02,
       9.9959482044374992e-01, 1.8596045860900495e-02,
       1.9987628170813942e-01, -1.3917360899077634e-02,
       9.7972229691690360e-01 ]
P1: !!opencv-matrix
   rows: 3
   cols: 4
   dt: d
   data: [ 3.2224363208469686e+02, 0., 2.4137917709350586e+02, 0., 0.,
       3.2224363208469686e+02, 2.3449990272521973e+02, 0., 0., 0., 1.,
       0. ]
P2: !!opencv-matrix
   rows: 3
   cols: 4
   dt: d
   data: [ 3.2224363208469686e+02, 0., 2.4137917709350586e+02,
       -3.6975192644103372e+03, 0., 3.2224363208469686e+02,
       2.3449990272521973e+02, 0., 0., 0., 1., 0. ]
Q: !!opencv-matrix
   rows: 4
   cols: 4
   dt: d
   data: [ 1., 0., 0., -2.4137917709350586e+02, 0., 1., 0.,
       -2.3449990272521973e+02, 0., 0., 0., 3.2224363208469686e+02, 0.,
       0., 8.7151305792070491e-02, 0. ]
E: !!opencv-matrix
   rows: 3
   cols: 3
   dt: d
   data: [ 2.2177312620887818e-02, -2.2974414837349610e+00,
       -2.0561531520258905e-01, -3.6560368260719649e+00,
       3.8611039589950324e-01, 1.0865663605244995e+01,
       -3.4613768797655869e-01, -1.1233093682681211e+01,
       3.4271991668793922e-01 ]
F: !!opencv-matrix
   rows: 3
   cols: 3
   dt: d
   data: [ -2.1962516075010051e-06, 2.3077950981067544e-04,
       -3.8585795676554360e-02, 3.6725130652685714e-04,
       -3.9340864305493474e-05, -9.6118679120024308e-01,
       -6.0007380800007400e-02, 8.1793671886124775e-01, 1. ]
