%YAML:1.0
---
M1: !!opencv-matrix
   rows: 3
   cols: 3
   dt: d
   data: [ 7.8097065875929502e+02, 0., 3.2183748323045756e+02, 0.,
       7.6993684585714482e+02, 2.3916792544002763e+02, 0., 0., 1. ]
D1: !!opencv-matrix
   rows: 1
   cols: 14
   dt: d
   data: [ -6.5677735570272858e-02, 3.6503172210769681e+00, 0., 0., 0.,
       0., 0., 1.7699315290361245e+01, 0., 0., 0., 0., 0., 0. ]
M2: !!opencv-matrix
   rows: 3
   cols: 3
   dt: d
   data: [ 7.8097065875929502e+02, 0., 3.1483891780444225e+02, 0.,
       7.6993684585714482e+02, 2.3817305221212300e+02, 0., 0., 1. ]
D2: !!opencv-matrix
   rows: 1
   cols: 14
   dt: d
   data: [ -1.3923305481876033e-01, 1.9164103562269892e+00, 0., 0., 0.,
       0., 0., 8.3137951387102884e+00, 0., 0., 0., 0., 0., 0. ]
