%YAML:1.0
---
R: !!opencv-matrix
   rows: 3
   cols: 3
   dt: d
   data: [ 9.3001253296918196e-01, -1.1672243453775587e-02,
       3.6734241145422059e-01, 1.2196717312922050e-02,
       9.9992521795404576e-01, 8.9363658318129314e-04,
       -3.6732537158088435e-01, 3.6492783272758719e-03,
       9.3008534778301677e-01 ]
T: !!opencv-matrix
   rows: 3
   cols: 1
   dt: d
   data: [ -1.7482602779770989e+01, -5.3927003270496321e-02,
       4.5404358201622026e+00 ]
R1: !!opencv-matrix
   rows: 3
   cols: 3
   dt: d
   data: [ 9.9251770098406900e-01, -9.2293988590203772e-03,
       1.2175151510350646e-01, 9.2546097826584298e-03,
       9.9995711094429995e-01, 3.5842670042107917e-04,
       -1.2174960135897352e-01, 7.7101791805715995e-04,
       9.9256054732207710e-01 ]
R2: !!opencv-matrix
   rows: 3
   cols: 3
   dt: d
   data: [ 9.6788612405568475e-01, 2.9855507692374641e-03,
       -2.5137131369165433e-01, -2.9331744282021675e-03,
       9.9999552826824945e-01, 5.8303625823919250e-04,
       2.5137193031091903e-01, 1.7300320513288322e-04,
       9.6789055306974336e-01 ]
P1: !!opencv-matrix
   rows: 3
   cols: 4
   dt: d
   data: [ -3.0706348816275937e+02, 0., 2.0247794475555420e+03, 0., 0.,
       -3.0706348816275937e+02, 2.7093915939331055e+02, 0., 0., 0., 1.,
       0. ]
P2: !!opencv-matrix
   rows: 3
   cols: 4
   dt: d
   data: [ -3.0706348816275937e+02, 0., 2.0247794475555420e+03,
       5.5463849086151213e+03, 0., -3.0706348816275937e+02,
       2.7093915939331055e+02, 0., 0., 0., 1., 0. ]
Q: !!opencv-matrix
   rows: 4
   cols: 4
   dt: d
   data: [ 1., 0., 0., -2.0247794475555420e+03, 0., 1., 0.,
       -2.7093915939331055e+02, 0., 0., 0., -3.0706348816275937e+02, 0.,
       0., 5.5362816180644446e-02, 0. ]
E: !!opencv-matrix
   rows: 3
   cols: 3
   dt: d
   data: [ -3.5569655661405138e-02, -4.5402930717263370e+00,
       -5.4214215144219161e-02, -2.1991413443873249e+00,
       1.0801811149414718e-02, 1.7928207329807140e+01,
       -1.6307757509194035e-01, -1.7481924844077419e+01,
       4.1865820106534359e-03 ]
F: !!opencv-matrix
   rows: 3
   cols: 3
   dt: d
   data: [ 6.0018775127700918e-08, 7.6897378261685740e-06,
       -1.8488948460177225e-03, 3.7246098685423600e-06,
       -1.8363032605409871e-08, -1.8045396364173655e-02,
       -7.6253465803795143e-04, 1.3301999814429040e-02,
       9.9999999999999989e-01 ]
