%YAML:1.0
---
M1: !!opencv-matrix
   rows: 3
   cols: 3
   dt: d
   data: [ 5.5532311608461362e+02, 0., 3.1891698071846150e+02, 0.,
       5.5325528710312551e+02, 2.4455374105816136e+02, 0., 0., 1. ]
D1: !!opencv-matrix
   rows: 1
   cols: 14
   dt: d
   data: [ 3.9620216862758843e-02, -4.5179791712529749e+00, 0., 0., 0.,
       0., 0., -1.1237315606166257e+01, 0., 0., 0., 0., 0., 0. ]
M2: !!opencv-matrix
   rows: 3
   cols: 3
   dt: d
   data: [ 5.5532311608461362e+02, 0., 4.0894696997582759e+02, 0.,
       5.5325528710312551e+02, 2.3916562436399516e+02, 0., 0., 1. ]
D2: !!opencv-matrix
   rows: 1
   cols: 14
   dt: d
   data: [ 2.2034243815648855e-01, 3.9478646441051285e-01, 0., 0., 0.,
       0., 0., 1.9375673113515428e+00, 0., 0., 0., 0., 0., 0. ]
