%YAML:1.0
---
R: !!opencv-matrix
   rows: 3
   cols: 3
   dt: d
   data: [ 9.1155129989146555e-01, -1.6231022682397300e-02,
       4.1086589243798638e-01, 1.3296346580974732e-02,
       9.9986159850036715e-01, 9.9995505843616089e-03,
       -4.1097133091467347e-01, -3.6520880293483340e-03,
       9.1164095312751703e-01 ]
T: !!opencv-matrix
   rows: 3
   cols: 1
   dt: d
   data: [ -1.6244411585431745e+01, -3.5573358720336823e-01,
       2.9079402086426844e+00 ]
R1: !!opencv-matrix
   rows: 3
   cols: 3
   dt: d
   data: [ 9.6976664101657339e-01, 6.2182277840351760e-03,
       2.4395490487927926e-01, -6.6790387779611078e-03,
       9.9997713128376808e-01, 1.0617676242354746e-03,
       -2.4394272363084504e-01, -2.6590510922575019e-03,
       9.6978599548294886e-01 ]
R2: !!opencv-matrix
   rows: 3
   cols: 3
   dt: d
   data: [ 9.8412386372167993e-01, 2.1551159945252342e-02,
       -1.7616971464620840e-01, -2.1882693877328097e-02,
       9.9976054333384778e-01, 6.0839793983819472e-05,
       1.7612884080179339e-01, 3.7951940429358372e-03,
       9.8435980613797569e-01 ]
P1: !!opencv-matrix
   rows: 3
   cols: 4
   dt: d
   data: [ -1.3201667428406621e+04, 0., -2.0527439575195312e+03, 0., 0.,
       -1.3201667428406621e+04, 2.9892778778076172e+02, 0., 0., 0., 1.,
       0. ]
P2: !!opencv-matrix
   rows: 3
   cols: 4
   dt: d
   data: [ -1.3201667428406621e+04, 0., -2.0527439575195312e+03,
       2.1791293477024650e+05, 0., -1.3201667428406621e+04,
       2.9892778778076172e+02, 0., 0., 0., 1., 0. ]
Q: !!opencv-matrix
   rows: 4
   cols: 4
   dt: d
   data: [ 1., 0., 0., 2.0527439575195312e+03, 0., 1., 0.,
       -2.9892778778076172e+02, 0., 0., 0., -1.3201667428406621e+04, 0.,
       0., 6.0582302938215288e-02, 0. ]
E: !!opencv-matrix
   rows: 3
   cols: 3
   dt: d
   data: [ 1.0753132493315419e-01, -2.9062385749815030e+00,
       -3.5337940171017090e-01, -4.0252507719957267e+00,
       -1.0652486458049722e-01, 1.6003844309718957e+01,
       1.0827808738638262e-01, -1.6247937254430457e+01,
       -1.6278017585236365e-02 ]
F: !!opencv-matrix
   rows: 3
   cols: 3
   dt: d
   data: [ -2.6733911671872454e-07, 7.2234698822715064e-06,
       -9.1424806195123732e-04, 1.0004780051577945e-05,
       2.6469923475421593e-07, -3.5615692406482283e-02,
       -2.4930816863704269e-03, 3.0449931342636953e-02, 1. ]
