%YAML:1.0
---
M1: !!opencv-matrix
   rows: 3
   cols: 3
   dt: d
   data: [ 8.1315342822344553e+02, 0., 3.2060209352988653e+02, 0.,
       8.1336486040439343e+02, 2.3733153626229424e+02, 0., 0., 1. ]
D1: !!opencv-matrix
   rows: 1
   cols: 14
   dt: d
   data: [ 8.3445436014817201e-02, -3.5637313841002660e-01, 0., 0., 0.,
       0., 0., 3.1512673327375698e+00, 0., 0., 0., 0., 0., 0. ]
M2: !!opencv-matrix
   rows: 3
   cols: 3
   dt: d
   data: [ 8.1315342822344553e+02, 0., 3.2204398833127465e+02, 0.,
       8.1336486040439343e+02, 2.3591515642893677e+02, 0., 0., 1. ]
D2: !!opencv-matrix
   rows: 1
   cols: 14
   dt: d
   data: [ -7.5922207999812932e-02, 2.8609489452300663e+00, 0., 0., 0.,
       0., 0., 2.5483797299564824e+01, 0., 0., 0., 0., 0., 0. ]
